-258
-258
-264
-264
-264
-270
-251
-251
-239
-232
-220
-220
-201
-188
-169
-169
-119
-119
-94
-88
-50
-37
-18
-18
25
31
62
62
113
119
132
138
169
182
195
207
226
226
245
245
270
270
270
270
258
264
270
270
264
258
245
245
214
207
195
195
163
163
113
107
62
56
31
25
-31
-31
-69
-69
-107
-119
-138
-138
-188
-188
-220
-220
-232
-232
-264
-264
-264
-264
-264
-264
-264
-264
-251
-251
-239
-239
-226
-226
-188
-182
-151
-144
-119
-119
-88
-88
-50
-44
-12
-12
25
37
75
88
107
113
138
151
176
176
207
207
226
232
245
245
258
258
276
276
264
264
258
258
258
251
239
239
214
214
182
182
138
138
107
107
56
56
25
12
-25
-37
-75
-75
-113
-119
-151
-151
-182
-182
-207
-226
-232
-239
-258
-258
-258
-258
-258
-258
-264
-264
-258
-258
-245
-232
-220
-220
-195
-188
-151
-151
-119
-107
-75
-75
-50
-31
-6
0
50
56
69
69
119
119
151
157
182
188
207
207
239
239
245
245
264
264
258
258
276
276
270
270
258
258
239
239
207
207
176
176
144
132
100
100
62
62
18
18
-37
-37
-75
-75
-119
-125
-151
-157
-188
-201
-220
-220
-245
-245
-258
-258
-264
-264
-264
-264
-258
-251
-251
-251
-245
-239
-207
-207
-182
-182
-144
-144
-113
-113
-69
-69
-18
-18
-6
-6
50
50
69
88
119
125
163
163
188
195
207
207
239
239
251
251
270
258
276
283
264
264
276
276
251
239
232
232
201
188
176
176
144
132
88
88
56
44
0
0
-44
-62
-81
-81
-119
-132
-163
-163
-195
-195
-226
-226
-245
-245
-264
-264
-270
-270
-258
-258
-258
-258
-245
-245
-220
-214
-214
-207
-169
-169
-138
-138
-107
-100
-62
-62
-31
-18
0
0
50
56
100
100
125
132
157
157
188
195
214
220
239
245
251
251
270
270
276
276
264
264
264
264
251
251
232
232
201
195
157
157
138
125
94
88
44
44
-6
-6
-50
-50
-94
-94
-125
-144
-163
-176
-201
-207
-239
-239
-245
-245
-258
-258
-264
-264
-270
-264
-258
-258
-245
-245
-232
-232
-195
-195
-163
-151
-132
-132
-113
-107
-62
-62
-25
-18
18
18
44
69
88
88
132
132
163
163
201
201
220
220
251
251
258
258
264
264
276
276
270
270
264
264
251
239
232
226
195
182
157
151
113
113
81
81
37
25
-6
-6
-44
-50
-94
-94
-125
-144
-176
-176
-220
-220
-239
-239
-245
-251
-264
-264
-258
-264
-264
-264
-251
-251
-239
-232
-220
-220
-195
-195
-157
-151
-138
-138
-100
-88
-56
-44
-18
-6
18
25
69
69
100
100
151
151
163
163
201
195
226
226
245
245
251
251
270
276
276
276
264
264
258
258
245
239
226
220
182
182
157
157
107
107
69
69
44
25
-12
-12
-62
-62
-107
-107
-144
-151
-176
-176
-220
-220
-232
-232
-251
-251
-264
-264
-264
-264
-264
-264
-264
-264
-239
-239
-214
-201
-195
-195
-157
-157
-119
-107
-88
-81
-50
-44
0
0
31
31
75
69
113
113
138
144
176
176
201
201
226
226
251
251
264
264
270
270
264
264
258
258
258
258
232
232
220
214
182
169
138
138
113
94
56
56
25
12
-18
-25
-62
-69
-107
-113
-151
-151
-182
-182
-220
-226
-245
-245
-251
-258
-258
-258
-270
-264
-258
-258
-251
-251
-239
-239
-214
-214
-188
-182
-144
-144
-119
-119
-81
-81
-44
-37
6
12
31
31
88
88
107
107
151
157
182
182
195
207
232
239
251
251
264
264
258
258
276
276
258
258
264
258
232
232
207
207
182
169
151
151
100
88
56
50
18
12
-25
-31
-75
-75
-119
-119
-157
-157
-195
-195
-220
-220
-239
-239
-251
-251
-264
-264
-270
-270
-258
-258
-258
-258
-232
-232
-207
-207
-182
-182
-157
-144
-125
-113
-81
-69
-31
-31
0
6
50
50
81
100
119
119
151
157
182
182
214
214
232
232
251
251
270
270
264
270
264
264
264
264
251
251
226
214
214
214
176
169
144
144
107
94
56
56
0
0
-31
-37
-81
-88
-113
-113
-157
-169
-195
-195
-214
-220
-245
-251
-258
-258
-258
-264
-264
-264
-258
-258
-251
-245
-214
-214
-214
-201
-182
-182
-151
-151
-113
-113
-62
-56
-37
-37
6
6
44
50
88
88
113
113
163
163
182
188
214
214
239
239
258
258
258
258
270
276
270
270
264
264
251
251
239
239
207
207
163
163
132
132
107
100
56
44
18
0
-44
-44
-81
-94
-125
-125
-163
-169
-201
-207
-220
-226
-245
-251
-258
-258
-258
-258
-258
-251
-258
-258
-258
-251
-220
-220
-207
-201
-176
-176
-151
-138
-113
-113
-69
-69
-31
-31
18
18
50
50
94
94
119
125
157
163
188
188
214
220
239
239
251
258
270
270
276
270
270
270
258
258
258
258
232
232
201
201
169
169
138
138
100
88
50
50
-6
-6
-44
-44
-75
-94
-113
-113
-157
-169
-207
-207
-226
-226
-245
-245
-258
-258
-258
-258
